17125
297846
5070103
2312392
5762953
14090842
4670011
12288044
7576877
11373118
8800351
15394960
10062801
3302178
5812099
14926324
2095989
2084102
1882023
15223896
7154713
4196330
4235467
4900796
16211389
7164878
4369135
7173152
4509793
9564338
11605523
12751236
15451141
11017878
2761271
13393896
9599145
12197242
6033243
1908556
15674957
14822750
335231
5705648
13116657
4886082
15961251
2912532
15965333
2981926
367815
6259576
5756217
13976330
2723307
12748508
15404765
10229486
6135823
3652416
11766145
15481810
11539251
11624612
13075749
4190646
4138839
3258120
5063113
2193562
3742843
13303404
8060781
2822270
14430879
10450640
9895441
457058
7776707
14770228
16219573
7304006
6734311
13826712
179801
3063338
1751819
13010428
3080189
2038286
1103151
1983072
164513
2803442
14110803
5009348
1279557
4981974
814199
13848104
543465
9245626
6187419
4529548
9900173
537502
9144255
4464112
8787761
15180930
6424291
8556372
11247317
6661734
12592903
12759480
15591289
13400394
9709611
14075164
4403485
7757102
14436943
10553728
11647937
13472274
10931571
1294052
5228389
5003254
1175959
3220808
4428809
8187610
4978363
752812
12804525
16357054
9641183
12911888
1405009
7114658
3515395
9436788
9437173
9443718
9554983
11446488
10047641
3044458
1430859
7554108
10986045
2220110
4194159
4198560
4273377
5545266
10390163
8867332
16533637
12643094
13612727
13319272
8330537
7408122
8504283
10361804
8385229
8337886
7533055
10628144
12913009
1424066
7438627
9022868
2400533
7261350
6009159
1499128
8714681
13938570
2081387
1835868
14439261
10593134
12317839
8083392
3206657
4188242
4097971
2563364
10029477
2735670
12958679
2200456
3860041
15295770
8376571
8190700
5030893
1645822
11208479
6001488
1368721
6497762
9805379
15703220
15303221
8503238
10344039
8083224
3203801
4139690
3272587
5309052
6374525
7710350
13642159
13819616
59169
1012594
443603
7547972
10881733
446806
7602423
11807400
16183145
6684730
12983835
2628108
11130125
4669470
12278847
7420528
8715185
13947138
2227043
4312020
6202197
4780774
14171015
6032952
1903609
15590858
13393067
9585052
11957661
1960366
16555727
13018624
3219521
4406930
7815667
15432548
10701797
14165110
5932567
197064
3356809
6740826
13937467
2062636
1517101
9020222
2355551
6496656
9786577
15383586
9869443
15092
263285
4482566
9101479
3736920
13202713
6349034
7277003
6275260
6022845
1731790
12669935
14069024
4299105
5982642
1048339
1051268
1101061
1947542
16337719
9312488
7324073
7075450
2848859
14882892
1357645
6309470
6604415
11618480
12971505
2418498
7566755
11201044
5875093
15997222
3524039
9583736
11935289
1580042
10090219
3768284
13735901
15413230
10373391
8582208
11686529
14128338
5307443
6347172
7245349
5737142
13652055
13987848
2919113
16077210
4883835
15923052
2263149
4925822
16636831
14397392
9881361
217698
3707587
12704052
14649013
14158918
5827303
15184792
6489945
9672490
13444107
10452732
9931005
1061646
1277487
4946784
215969
3678194
12204371
6154436
3968837
368086
6264183
5834536
15307753
8580282
11653787
13571724
12622221
13257886
7286975
6444784
8904753
392578
6680547
12912724
1419221
7356262
7622663
12151480
5255289
5460554
8950059
1162780
2996765
620078
10548047
11551360
11830465
16575250
13350515
8861668
16437349
11006198
2562711
10018376
2546953
9750490
14770107
16217516
7269037
6139838
3720671
12926480
1653073
11331746
8097027
3438452
8128757
3977862
521511
8872408
16619929
14110058
4996683
1064252
1321789
5699918
13019247
3230112
4586977
10876466
357267
6080260
2707845
12485654
10936247
1373544
6579753
11199226
5844187
15471820
11369421
8737502
14326527
8676656
13292145
7869378
16345635
9447060
9611797
12412326
9689671
13736184
15418041
10455178
9972587
1768540
13294685
7912558
302479
5148864
3651329
11747666
15167667
6198820
4723365
13195062
6218967
5065864
2240329
4537882
10041851
2946028
16534765
12662270
13938719
2083920
1878929
15171298
6260547
5772724
14256949
7493830
9961319
1576984
10038233
2884522
15489163
11664252
13749629
15646606
14340783
8919008
634913
10800242
15838675
828740
14095301
4745814
13576695
12706728
14694505
14932282
2197275
3805964
14376461
9525534
10945855
1536880
9356465
8071682
3007587
804052
13675605
14388198
9725063
14337848
8869113
16563914
13157803
5585564
11075229
3736238
13191119
6151936
3926337
16422802
10758899
15135844
5657829
12303734
7843607
15907528
1999241
439386
7476283
9663020
13283117
7715902
13736543
15424144
10558929
11736354
14975363
2929652
16256373
7929606
592295
10075736
3522073
9550314
11367115
8698300
13660093
14124494
5242095
5236256
5136993
3449522
8316947
7177092
4576773
10702998
14185527
6279656
6097577
3002234
713051
12128588
4866125
15621982
13922175
1802672
13874929
999490
220835
3760916
13610645
13283878
7728839
13956472
2385721
7009546
1728491
12613852
13115613
4868334
15659535
14560576
12655489
13823442
124211
2118308
2463525
8332214
7436631
8988936
1823689
14232218
7073403
2814060
14291309
8077950
3114143
2615504
10915857
1026914
687043
11686452
14127029
5285190
5968871
814232
13848665
553002
9407755
8943612
1053181
1133582
2500399
8959072
1316001
5601522
11346515
8348100
7706693
13579990
12762743
15646760
14343401
8963514
1391515
6885260
16392845
10249630
6478271
9474032
10070321
3430018
7985379
1540436
9416917
9099366
3700999
12592056
12745081
15346506
9239083
6076188
2638621
11308846
7707727
13597568
13061569
3949586
40819
700644
11917669
1280502
4998039
1087304
1713673
12361946
8833211
15953580
2782125
13748414
15625951
13989648
2949713
16597410
13727235
15265908
7868917
16337798
9313831
7346904
7463577
9447018
9611083
12400188
9483325
10228302
6115695
3310240
5949153
479026
8150163
4341764
6707845
13376790
9308343
7253608
5877545
16038906
4232667
4853196
15402189
10185694
5391359
7773744
14719857
15363266
9524003
10919828
1094421
1834662
14418759
10244600
6392761
8020362
2135147
2749788
13198685
6280558
6112911
3262912
5144577
3578450
10508723
10882852
465829
7925814
527831
8979848
1669193
11605786
12755707
15527148
12309997
7950078
940319
15992144
3437713
8116194
3764291
13668020
14259253
7532998
10627175
12896536
1144025
2677930
11977099
2290812
5396093
7854222
16087983
5066976
2259233
4859250
15505107
11935300
1580229
10093398
3822327
14654632
14254441
7451194
9236507
6032396
1894157
15430174
10661439
13479024
11046321
3244802
4836707
15121876
5420373
8266982
6327687
6914104
105977
1808330
13971115
2634652
11241373
6560686
10875087
333824
5681729
12710034
14750707
15887716
1662437
11490934
10803223
15889352
1690249
11963738
2063675
1534764
9320493
7460158
9388895
8622992
12379857
9137698
4352643
6892788
16520821
12425222
9908903
685912
11667225
13800170
16505803
12169916
5568701
10788558
15640047
14229280
7023457
1964978
16634131
14351492
9101061
3729814
13081911
4295400
5919657
16754810
16403035
10422860
9423181
9205854
5511295
9812656
15826929
629058
10700707
14146580
5617557
11619110
12982215
2600568
10661945
13487626
11192555
5730780
13543901
12149230
5217039
4810304
14673025
14567122
12766771
15715236
15507493
11975862
2269783
5038600
1776841
13435802
10311547
7530860
10590829
12278654
7417247
8659408
12998929
2884706
15492291
11717428
14653621
14237254
7159015
4269464
5478745
9259306
6419979
8483068
10001149
2254094
4771887
14019936
3464609
8573426
11537235
11590340
12493125
11063254
3532663
9730344
14427625
10395322
8955035
1247372
4434829
8289950
6718143
13551856
12284465
7516034
10338787
7993940
1685973
11891046
827911
14081208
4506233
9503818
10576683
12038172
3329053
6268974
5915983
16692352
15341249
9149714
4556915
10365412
8446565
9380598
8481943
9982024
1928969
16021978
3944891
16738220
16121005
5628350
11802591
16101392
5294929
6134434
3628803
11364724
8657653
12969094
2377511
6869976
16133017
5832554
15274059
8007484
1916221
15805262
260719
4438944
8359905
7907378
214419
3651844
11756421
15316502
8729015
14182248
6223913
5149946
3669723
12060364
3706317
12682462
14281983
7919408
418929
7128514
3750947
13441172
10402837
9082790
3419207
7801592
15193273
6634122
12123499
4779612
14151261
5697134
12971919
2425536
7686401
13235026
6898355
16615460
14034085
3705142
12662487
13942408
2146633
2945050
16518139
12379628
9133805
4286462
5767711
14171728
6045073
2109666
2316611
5834676
15310133
8620742
12341607
8487448
10075609
3519914
9513611
10743164
14868349
1110414
2106543
2263520
4932129
16744050
16220115
7313220
6890949
16489558
11893751
873896
14862953
1018682
547099
9307404
7237645
5606174
11425599
9692528
13784753
16243714
7714403
13711060
14990933
3194342
3978887
538936
9168633
4878538
15833003
732316
12456093
10433710
9607631
12341504
8485697
10045842
3013875
910948
15492837
11726710
14811415
142536
2429833
7759450
14476859
11232300
6406445
8252990
6089823
2870416
15249361
7587618
11555715
11904500
1056629
1192198
3496871
9121880
4083737
2321386
5915851
16690108
15303101
8501198
10309359
7493664
9958497
1529010
9222675
5797252
14673925
14582422
13026871
3359720
6790313
14778746
16364379
9765708
15028813
3838302
14926207
2094000
2050289
1307202
5451939
8803604
15450261
11002918
2506951
9070456
3209529
4237066
4927979
16673500
15020765
3701486
12600335
12885824
961921
16359378
9680691
13583524
12822821
16668086
14928727
2136840
2778569
13687962
14598267
13296236
7938925
750718
12768927
15751888
16130577
5791074
14568899
12796980
16228789
7460678
9397735
8773272
14934617
2236970
4480779
9071100
3220477
4423182
8091951
3352160
6661793
12593906
12776531
15881156
1550917
9595094
12128375
4862504
15560425
12875706
789915
13435276
10302605
7378846
8006591
1901040
15547185
12650626
13740771
15496020
11780821
15731302
15780615
16618936
14093177
4709706
12962859
2271516
5068061
2277678
5172815
4058496
1892289
15398418
10121587
4301540
6024037
1752054
13014423
3148104
3192841
3953370
105147
1794220
13731245
15334078
9027807
2484496
8688721
13497250
11356163
8512116
10494965
10648966
13266983
7441624
9073817
3266666
5208395
4663356
12174909
5653582
12231535
6616224
11819233
16384306
10104467
4010500
1076357
1527574
9198263
5382248
7618857
12086778
4155355
3538892
9836237
16227806
7443967
9113648
3943793
16719554
15803683
233876
3982613
602278
10245447
6407160
8265145
6296458
6383211
7858012
16152413
6162286
4102287
2636736
11276801
7162962
4336563
6619428
11873701
533046
9068503
3176328
3672649
12110106
4551931
10280684
7006189
1671422
11643679
13399888
9701009
13928930
1917507
15827124
632373
10757062
15104615
5126936
3278553
5410474
8098699
3466876
8611965
12192398
5950895
508640
8653601
12900210
1206483
3739716
13250245
7157078
4236535
4918952
16520041
12411962
9683483
13630988
13629709
13607966
13238335
6954608
794545
13513986
11640675
13348820
8832853
15947494
2678663
11989560
2502649
8997322
1966251
16655772
14719389
15355310
9388751
8620544
12338241
8430226
9102835
3759972
13594597
13011062
3090967
2221512
4217993
4603738
11161403
5201196
4540973
10094398
3839327
14943632
2390225
7086114
3030147
1187572
3418229
7784966
14910631
1829208
14326041
8668394
13151691
5481660
9308861
7262414
6027247
1806624
13942113
2141618
2859795
15068804
4518149
9706390
14020407
3472616
8709545
13851258
597083
10157132
4905805
16296542
8612479
12201136
6099441
3033922
1251747
4509204
9554325
11435302
9857479
16588920
13582905
12812298
16489195
11887580
768989
13079534
4254991
5232704
5076609
2422994
7643187
12500388
11186725
5631670
11859031
283656
4828873
14988698
3156347
3332972
6335597
7048574
2391967
7115728
3533585
9746018
14694083
14925108
2075317
1732678
12685031
14325656
8661849
13040426
3590155
10707708
14265597
7640846
12460591
10510176
10907553
885746
15064403
4443332
8434501
9175510
4995447
1043240
964585
16404666
10450587
9894540
441741
7516318
10343615
8076016
3081265
2056578
1414115
7269460
6147029
3842918
15004679
3428024
7951481
964170
16397611
10330652
7855645
16112174
5478223
9250432
6269121
5918482
16734835
16063460
4650085
11949302
1818263
14139976
5505289
9710554
14091195
4676012
12390061
9311166
7301599
6693392
13131089
5131426
3354883
6708084
13380853
9377414
8427815
9061848
3063193
1749354
12968523
2367804
6704957
13327694
8473711
9842080
16327137
9132594
4265875
5417732
8222085
5564438
10716087
14408040
10062377
3294970
5689563
12843212
237517
4044510
1654527
11356464
8517233
10581954
12127779
4852372
15388181
9947558
1343047
6061304
2385593
7007370
1691499
11984988
2424925
7676014
13058447
3896512
15915777
2139474
2823347
14449188
10761893
15186742
6523095
10236040
6247241
5546522
10411515
9230316
5927149
104958
1791007
13676624
14405521
10019554
2566979
10090932
3780405
13941958
2138983
2815000
14307289
8349610
7732363
14016380
3404157
7545742
10843823
16579552
13423649
10104946
4018643
1214788
3880901
15650390
14405111
10012584
2448489
8076602
3091227
2225932
4293133
5881118
16099647
5265264
5630129
11832834
16615523
14035156
3723349
12972006
2427015
7711544
13662457
14164682
5925291
73372
1254045
4548270
10218447
5948160
462145
7863186
16240371
7657572
12744933
15343990
9196311
5349064
7054729
2496602
8894523
218668
3724077
12984382
2637407
11288208
7356881
7633186
12330371
8296436
6828405
15426310
10595751
12362328
8839705
16063978
4658891
12099004
4363197
7072206
2793711
13945376
2197089
3802802
14322707
8611716
12188165
5878934
16062519
4634088
11677353
13972346
2655579
11597132
12608589
13026142
3347327
6579632
11197169
5809218
14877347
1263380
4706965
12916262
1479367
8378744
8227641
5658890
12321771
8150236
4343005
6728942
13735439
15405376
10239873
6312402
6654259
12465828
10599205
12421046
9837911
16256264
7927753
560794
9540219
11195500
5780845
14395006
9840799
16305360
8762385
14749538
15867843
1324596
5747637
13830470
243687
4149400
3437657
8115242
3748107
13392892
9582077
11907086
1100591
1939552
16201889
7003378
1623635
10831300
16366661
9804502
15688311
15049768
4194537
4204986
4382619
7402380
8406669
8702366
13729215
15299568
8441137
9288322
6913251
91476
1561813
9780326
15277319
8062904
2858361
15044426
4103723
2661148
11691805
14218030
6832207
15490944
11694529
14264338
7619443
12096740
4324709
6417910
8447895
9403208
8866313
16516314
12348603
8606380
12097453
4336830
6623967
11950864
1844817
14591394
13179395
5952628
538101
9154438
4637223
11730648
14878361
1280618
5000011
1120828
2283581
5273166
5764463
14116512
5106401
2929458
16253075
7873540
16416389
10649878
13282487
7705192
13554473
12328954
8272347
6418892
8464589
9687006
13690879
14647856
14139249
5492930
9500451
10519444
11065109
3564198
10266439
6764024
14331833
8766858
14825579
383324
6523229
10238318
6285967
6204864
4826113
14941778
2358707
6550308
10698661
14111798
5026263
1567112
9870409
31514
542459
9228524
5896685
16364286
9764127
15001936
3381393
7158754
4265027
5403316
7977013
1398214
6999143
1551640
9607385
12337322
8414603
8837244
16022141
3947662
8111
144608
2465057
8358258
7879379
16515652
12337349
8415062
8845047
16154792
6202729
4789818
14324763
8646668
12782349
15980062
3232319
4624496
11514289
11200258
5861731
15770068
16439637
11045094
3223943
4482104
9093625
3603402
10932907
1316764
5614493
11567022
12096719
4324352
6411841
8344722
7649267
12603748
12943845
1948278
16350231
9525192
10940041
1438042
7676219
13061932
3955757
145726
2484063
8681360
13372113
9228834
5901955
16453876
11287157
7339014
7329447
7166808
4401945
7730922
13991883
2987708
466109
7930574
608751
10355488
8277857
6512562
10056979
3203204
4129541
3100054
2375991
6844136
15693737
15142010
5762651
14085708
4582733
10804318
15907967
2006704
566257
9633090
12774307
15843348
908181
15445798
10927047
1217144
3920953
16331274
9202923
5461468
8965597
1426926
7487247
9849408
16451713
11250386
6713907
13479844
11060261
3481782
8865367
16500232
12075209
3958682
195451
3329388
6274669
6012798
1560991
9766352
15039761
4024418
1312963
5549876
10468533
10199622
5628135
11798936
16039257
4238634
4954635
349436
5947133
444686
7566383
11194720
5767585
14169586
6008659
1490628
8570181
11482070
10652535
13327656
8473065
9831098
16140443
5958796
642957
10936990
1386175
6794480
14849585
791426
13460963
10739284
14802389
16766310
16598535
13746360
15591033
13396042
9635627
12817436
16576541
13372462
9234767
6002816
1391297
6881554
16329843
9178596
5047909
1935094
16126103
5715016
13275913
7593434
11654587
13585324
12853421
411070
6994911
1479696
8384337
8322722
7275267
6245748
5521141
9980038
1895207
15448024
10964889
1860458
14857291
922428
15687997
15044430
4103791
2662304
11711457
14552114
12511635
11377924
8882053
6678
120247
2050920
1317929
5634298
11903707
1043148
963021
16378078
9998591
2210608
4032625
1452482
7921699
457876
7790613
15006630
3461191
8515320
10549433
11574922
12231019
6607452
11670109
13849198
562063
9561792
11562241
12015442
2942643
16477220
11684005
14085430
4578007
10723976
14542153
12342298
8499195
10275308
6914797
117758
2008607
598608
10183057
5346530
7011651
1764276
13222197
6680262
12907879
1336856
5956057
596394
10145419
4706684
12911485
1398158
6998191
1535456
9332257
7660146
12788691
16087876
5065157
2228310
4333559
6568360
11005545
2551610
9829659
16115980
5542925
10350366
8190783
5032304
1669809
11616258
12933731
1776340
13427285
10166758
5069447
2301240
5573369
10867914
211883
3608732
11023517
2857134
15023567
3749120
13410113
9874834
106739
1821284
14191333
6378358
7775511
14749896
15873929
1428058
7506491
10176556
5236013
5132862
3379295
7123088
3658705
11873058
522115
8882676
17269
300294
5111719
3019864
1012761
446442
7596235
11702204
14394813
9837518
16249583
7814176
15407201
10270898
6839827
15620484
13896709
1369750
6515255
10102760
3981481
583034
9918299
845644
14382669
9631070
12739967
15259568
7761137
14505538
11719843
14694676
14935189
2246694
4646087
11881336
662841
11275018
7132651
3821276
14636765
13950702
2287631
5342016
6934913
459730
7822131
15542436
12569893
12368310
8941399
1015560
494025
8405146
8676475
13289068
7817069
15456382
11106975
4275920
5588497
11125090
4583875
10823732
16238005
7617350
12061159
3719832
12912217
1410602
7209739
5131772
3360765
6808078
15080751
4721248
13159073
5607154
11442259
9975748
1822277
14208214
6665335
12654120
13800169
16505786
12169627
5563788
10705037
14220190
6868927
16115184
5529393
10120322
4280035
5658452
12314325
8023654
2191111
3701176
12595065
12796234
16216107
7245084
5732637
13575470
12685903
14340480
8913857
547346
9311603
7309028
6819685
15278070
8075671
3075400
1956873
16496346
12009147
2835628
14657965
14311102
8414431
8834320
15972433
3102626
2419715
7587444
11552757
11854214
201767
3436760
8099993
3488874
8985931
1772604
13363773
9087054
3491695
9033888
2587873
10446130
9818771
15930884
2396293
7189270
4783799
14222440
6907177
16765434
16583643
13493196
11287245
7340510
7354879
7599152
11751793
15237826
7391523
8222100
5564693
10720422
14481735
11315192
7815609
15431562
10685035
13880156
1088349
1731438
12663951
13967296
2569729
10137682
4575155
10675492
13717925
15107638
5178327
4152200
3485257
8924442
727291
12370668
8981485
1697022
12078879
4021072
1256081
4582882
10806851
15951028
2738741
13010886
3087975
2170648
3353305
6681258
12924811
1624700
10849405
16674446
15036847
3974880
470817
8010610
1969363
16708676
15618757
13867350
870647
14807720
79721
1361978
6383131
7856652
16129293
5769246
14197823
6488688
9651121
13080834
4277091
5608404
11463509
10336998
7963527
1168952
3101689
2403786
7316651
6949276
703901
11973038
2221775
4222464
4679745
12453522
10390003
8864612
16487397
11857014
249367
4245960
5079177
2466650
8385339
8339756
7564845
11168574
5323103
6613392
11771089
15565858
12968067
2360052
6573173
11087366
3942567
16698712
15449369
10987754
2249163
4688060
12594877
12793038
16161775
6321440
6807905
15077810
4671251
12309124
7935237
688022
11703095
14409960
10095017
3849850
15122523
5431372
8453965
9506398
10620543
12783792
16004593
